-1.27065338661085	0.432298376876588
-2.10110376056686	0.315814920255043
-0.761593846077340	0.776478043630411
-0.929693241914968	0.807517608510187
-0.489563286134060	0.951701842708631
0.387045558442184	1.55058347264236
-0.0687561128720600	1.05051318476545
0.730414453813145	1.42848968701485
-1.49891451086561	0.687761948191063
-1.64709411806917	0.826644459588336
-0.803980736348272	0.578120906048085
0.815234926823395	1.99872088520420
0.728111392162790	1.41574900908125
-0.837820338598909	1.07479274803905
-1.35384247200780	0.941807201737280
-2.36578458905102	0.575998392506069
0.0359655995075533	1.20104687648922
-0.674975334052147	1.01539021247107
-1.99020275332682	0.429272520169061
-1.06651201545219	0.723656608734505
-2.70406777139973	0.220434285246290
-0.228969996513447	1.26947028140684
-0.890600288335239	0.848667189903760
1.08693653960829	1.77157474871018
-2.18917878528422	0.925251434443407
0.363136803848086	1.44142924958716
-0.542650471280683	1.21055228343479
-0.609512299583357	0.943287756436630
0.0850660938512075	1.21935824719118
0.607396066477262	1.47416487156805
-1.87328954676398	0.626369228512577
0.744784982367762	1.43838025001388
-2.02549203016882	0.0694804754136047
-1.87663392210739	0.520598539863866
-1.43675265620580	0.603936843433380
0.106753899196684	1.39330374393350
-1.87208321418114	0.528902098493591
-0.333337957394993	1.30160665589208
-0.248805223069968	1.37186327943457
-0.531169793440972	0.799751135641564
-0.0924982383091658	0.941922383834645
-1.98478808008022	0.567230407947393
0.403755913086740	1.52244018498657
-0.575644763698668	0.860109354573427
0.0997306564509165	1.58580475822028
-1.77738317552448	0.557828872372483
-0.643002285366825	1.04897232509848
0.261361945645026	1.45648511904826
0.410935849231554	1.61683338815861
-0.792399054555281	1.27268714420142
-2.73044211082586	0.100506875280630
-1.90150688865757	0.146097838034860
-0.460505433421255	1.30666193669970
0.170052737288803	1.17314863577418
-0.192672863019205	1.46525148244252
-1.37110256734090	0.600045053756020
1.75861680869497	2.32887110453191
-0.620747165840058	0.868502424574099
0.248123517400970	1.16794313495463
-1.15537266365931	1.00559586151885
-1.92135350167577	0.212870967136244
0.0506564247280984	1.45169733407715
0.436714054654973	1.56300122882482
1.29613271733531	1.80247760005247
-1.27947786063761	0.688835860830487
-2.48334820505935	0.676987084619470
1.07166604830865	1.66174254282957
-0.410652696374194	1.08173631141031
-1.93472678298287	0.293912556172848
-1.31254646321184	0.578724997187007
-1.58604547552862	0.511683706399306
0.571816473162806	1.87887893549499
-0.0513811753415449	1.19056373202357
-0.434083256760252	0.969939640582911
-0.436570114138009	1.01826978478596
-1.59990859889601	0.770859545631320
0.387899827317771	1.18471907830501
-0.320543591161288	1.28611759866778
-0.986057446919107	0.609059975184774
-0.902342849557992	0.888981212217717
-0.811445108314126	0.580650918927154
-1.67170707870983	0.704516765638769
0.112137919623686	1.47982121764307
0.825087311243114	1.49510754029102
2.01002198701988	2.19400070775473
-0.147984127234585	1.26324666713769
-1.60098230488469	0.861194249800461
-0.479835391594826	1.11794235623485
-1.80317077181863	0.752524014706832
-1.37169579032168	0.696290944626089
-1.42185822747675	0.566892685919822
-1.61275699650632	0.611931703806466
-0.285725336626936	1.13192743481674
-1.92179659836010	0.670888193018577
0.0309262793037229	1.29309225589283
0.171243434583503	1.19130093259355
0.436515383708141	1.44194071045131
-0.722381250130438	1.23329535024807
-0.0219708656639845	1.19781954558215
1.27515711486774	1.68854254751183
-0.641948736016341	1.22504428070169
-0.894868826631268	0.939467631371042
1.24165736393505	1.73498688532044
-3.44825666246973	-0.295919542340584
-1.20016839266832	0.489524935988718
1.96234520046889	2.14061737745915
-1.21645207534941	0.720100714803870
-1.31380910842954	0.809345120491659
-2.04352769330893	0.142880467199473
0.168633602249331	1.63174900543920
-3.01132393902660	0.136398446045167
-1.57569348574629	0.315341470267428
-0.0789099041510069	1.47455893315559
-0.701580616510446	0.879402594303304
-0.0165247722167852	1.34647207434073
-0.561491009305218	1.10250965190315
0.0458532991106004	1.13151015877480
-2.11029347382531	-0.171703060788560
-0.461100013644038	1.20886142812155
-2.41608824821610	0.215145156388781
0.158042364811115	1.23548022431230
-1.04021228937825	0.943755077956776
0.0178719254045067	1.15833281464100
-1.28876599362882	0.891687133578834
-0.339989189325901	1.18080631959366
0.454677991971179	1.27876370996875
-2.86865194835673	0.267212219306639
-2.74562126463405	0.244516544356639
-2.70724506878620	0.419245172799271
0.229586087166547	1.20512169971801
-0.256139595301009	1.00219474847325
-1.46950203375918	0.743331539735611
0.942122641191938	1.82037534104867
-0.549053287462168	1.23193304694880
-2.43827575091809	0.277047137971689
-1.81641797571358	0.486674550345257
-2.21744753475434	0.500986741848981
0.346025675469618	1.83685255114843
-1.35849431738837	0.906192356051282
-1.98374205672647	0.482363510467648
-1.33219266673123	0.619314197183872
-1.61626373205764	0.720234615305599
0.234381304986652	1.29050813002835
-0.177109892076618	1.26654338986245
-0.368824950729866	1.29684885072567
-0.244540003050020	1.37844142091342
-0.652923433169773	1.13966838521293
-1.73941663572791	0.848179391633541
-0.106697760936732	1.62508489083268
-1.59950093981055	0.237848743154207
-1.87421314907847	0.147672133519361
-1.87660843614402	0.321413131161910
0.252547375014839	0.989069581408315
0.374687979615674	1.37489391412828
-2.62669665877957	0.128542207940833
-0.862230993269590	0.983521746975382
-0.424011644884995	1.17340770143889
-1.36864285671172	0.581335237252483
0.133611615725217	1.18132104860325
-0.421286444645300	1.27808326721492
-0.867420904810123	0.852277041174240
-1.31061302030153	0.465682029034717
0.0416356849692757	1.31111886906133
0.230358732301121	1.42931775114489
-0.185899739392576	1.13030821177274
-0.962667696851609	1.02600398485458
0.308889016371630	1.46645800970887
-1.69343877586988	0.542620758184397
-0.541773243446406	1.05693929606212
0.829689448478076	1.73089657648397
-0.907804579532692	0.823310813388254
-1.62437590447574	0.399503275185020
1.42892971803045	1.85529554519618
-0.970488995413579	0.913658449105852
-0.216230453011705	1.30555726650624
-1.58031227475540	0.627054279142521
-0.384939651912989	1.03791591562377
-0.188407310575855	1.33489012047432
-0.695003007088814	0.978908183443958
-0.342785909616086	1.31357237330985
0.619558634232949	1.53148519014053
-2.23813182915069	0.357827363173278
-0.474816407353398	1.07507551589758
-2.88124570055155	-0.0968993521353749
-0.668879572116580	0.823753655558933
1.41477367396992	1.68494734928267
0.330963697328947	1.79389507246353
-0.707585356352763	0.955976029156770
-1.07052516019750	1.03757524168170
-0.121313827839143	1.31239047727452
0.457775497676334	1.86193045948933
-0.683852463550615	1.19596591427736
1.06888234174696	1.48658136321187
-1.59372433252229	0.560817451609230
-2.88843547375463	0.270158445329221
-1.51960262333109	0.717324541749441
-0.918326615810333	1.37141165840692
-1.10833820648359	0.820083507861046
-1.62824859800316	0.296456824326725
0.764870881950727	1.70101099395969
0.355246688994078	1.31588136903459
1.03495557450020	0.858384801494965
1.76229354851496	-0.0151185069141785
1.21791529100032	0.686419924277871
1.21187644544952	0.833712556668482
0.860545492711268	0.573642835819983
0.896463704748282	1.13708029158725
0.927117889036534	1.42921431190102
-0.979179114316825	1.82006140633390
1.27808754385401	0.120666844004324
1.70021047669081	0.292826770081304
0.0824349693729742	1.62032293456918
-0.0761941495480267	1.53418396424090
1.43912130684265	0.455449804212832
-0.0659794427328702	1.54770953455369
-0.187516640372105	1.38158898771951
1.55789042173126	0.0239444463721390
0.537352506055201	1.49475955767195
1.88027936051463	0.252428546413129
0.0862310670415855	1.16111935345765
0.565587199862732	1.35641849138410
1.17090432292954	0.376106363702651
1.38844850778405	0.499528394297389
1.33066739706414	0.742259147074353
1.13538054513334	0.508067858367636
0.837503357427142	0.831789481531234
0.590431844712913	1.09364701854131
1.33975149860716	1.02004611337590
0.726468015751728	1.09912294939105
1.29812720835592	0.497664005563157
1.76912418619685	0.208755685503432
-0.590517838528966	1.84763031034716
2.27596014320589	0.213281973859119
0.553065819584357	1.04616204557679
1.93087652545740	-0.0372861357575312
2.09714126619394	0.0884312449414674
-0.0386748809295048	1.50487596594149
1.12511431144109	0.898450003692632
3.45101589082148	-0.690702609329983
0.848235987721062	1.16118301821999
1.34385369816686	0.711076928205040
1.23397111209126	0.784566385883447
1.89654215930602	0.618778351441384
1.77110998972085	-0.0118270958858643
0.330758355373408	1.18701790922177
0.689934282008384	0.619518103441070
1.24269366480236	0.845729577671630
0.958702572581394	0.833957717136331
2.79249779183372	-0.524949985230491
1.31016916357678	0.179267593750750
1.30937174528601	0.626458365258023
0.407673623366041	1.15371584075277
0.0754560337897459	1.12945460505722
1.56154369930455	0.135475200473134
0.860513436800456	0.718938952704417
1.45902035839989	0.419985292702070
0.412058903773749	0.824889549368788
1.63353519145844	0.313844783010049
-0.282328545474537	1.84202143610225
2.10781249425937	-0.0638066928013801
1.59856636018837	0.217299766399196
1.07789123169679	0.816799169748722
0.178977235610818	1.63294206533678
0.718899808954701	0.892031280440779
1.17981323175389	0.564677013426035
1.85403610049359	-0.134555060107753
0.269175717021411	1.08228224587592
1.91580705258729	0.301029942106722
2.95735856803496	-0.596805346326621
0.649736671623233	1.22448990726961
1.33146728110517	0.725077782348279
0.535220913839178	1.21347444711843
-0.214072109019529	1.82964649840921
2.03981403037800	0.429415996215099
1.49082916758030	0.591696847156964
0.638882697590825	1.15268163909004
1.08017698764718	0.733807903604913
0.837501807521637	0.622412234446280
-0.0336012034607303	1.40509917853070
-1.03811943021039	2.30310250732761
0.966435332829281	0.562843381870789
0.672987190431226	1.13870792331334
0.592249777478095	1.16108458170582
0.401810036326317	1.24219008093852
-0.284979555033369	1.77017836394528
0.631080744580072	1.06383061705251
1.11415240409407	0.714921023491486
0.249186330043282	1.32351565261760
1.31854717788533	0.794993525239981
0.807102632528823	0.913819900151525
0.928260940614504	0.230813750287766
-0.0105305068143899	1.39335907549407
0.459480902298323	1.22432231858219
1.29001103809510	0.822067081630279
0.441433196457995	1.51471152369722
1.11429471026858	0.499200908573465
2.39858932907170	-0.000573142949665373
1.56233828360073	0.462160492403112
1.73352905160139	0.237661755974468
2.66900532404931	-0.362501870334261
1.83112984556603	0.211621160350577
1.28124495247319	0.636045666620700
2.37974119941279	-0.110099940812488
0.360311350226952	1.09028991854955
0.517645559542030	0.892573880557513
2.42714766030326	0.0274889916538302
1.32126914240505	0.523574127941103
0.970227848933671	1.15257856973497
1.32397320774719	0.356477771778066
0.813221890201460	0.791406303596570
0.793535322301893	1.27784391321514
0.726492409716187	1.32156856768742
0.608267840351472	0.832890443734484
0.332683582212312	1.31555290368939
0.957680944207284	1.14414181929902
0.593636502013316	1.39700418972361
2.01954565971790	-0.215016480250670
1.16654254777227	1.06296300576934
1.72222228494035	0.449613618409985
0.901124881939468	0.922530049430564
0.942334662013563	0.787463444661917
1.88971481071570	-0.0493459096123592
2.03841035121441	0.0953964177876759
1.02329270268343	0.723485999708738
2.19676277354850	0.504039896090621
1.33639088964044	0.609099333032969
1.26059021651531	0.576920007119682
2.54997857647102	-0.288275054172031
2.08589335141418	-0.103825218130855
1.64152985055560	0.836809260077271
1.28444047848069	0.750287055525346
0.619306436247398	1.08404967876201
0.918530346921138	1.12045826442690
2.28834859442701	-0.109613206182527
-0.429421066128165	1.77767087739165
0.549588918059616	0.984748821265315
0.866495959886504	0.749105516165362
1.10484628763980	1.10290868174075
-0.261393675910393	1.86320372791964
1.37410725086258	0.558512631052517
1.51599834769610	0.838508804933369
0.335224220434189	1.27088567607323
0.816656439667549	0.996361562866640
0.141894218907293	1.06767816603681
2.14873008579183	0.107350469031474
1.26411315675912	0.275694389080453
0.822592710628807	0.692412899805273
0.345603856353854	1.48072653430263
1.06976338803975	0.833534951644203
2.19096569631656	-0.238244149200839
0.145806009501300	-0.787911741981401
0.399317190523280	-0.187470156676325
0.385215491418566	-0.462833831690377
-0.362838087424917	-0.330918058276818
-0.166986996827943	-0.969271568784879
-0.386646504262670	-0.659523625595259
0.271924107712604	-0.811365152229194
-0.366584914076762	-0.543586572003004
0.571837431258136	-0.0326565973004372
-0.0894160798824739	-0.334348934290221
-0.128517265459193	-1.25349740213784
0.993480868641724	-0.0720415379220833
1.13748778241988	-0.218323254604653
-0.0173048181905533	-0.509271874683829
0.285650755598709	-0.662807534559284
1.06026817710736	-0.723175401726679
0.0907557343079243	-0.312020868733469
0.965186358635590	-0.424645542912069
0.617510382138283	-0.489365710402029
0.321503126445132	-0.444232735815886
0.163235145758865	0.186705484885345
0.955753899137292	0.380697618237234
0.575388637680256	-0.788868405272369
0.0549315811220479	-0.718560381124454
0.452102275786072	-0.164266611673954
-0.0400330524222239	-1.21177553518156
0.357686316682268	-0.121651820146903
0.893293835213576	-0.393237216722441
0.505983752184455	-0.0273973657917664
0.00578219118014323	-0.852072483194370
0.434773678169380	-0.721370300818974
0.0297421763864258	0.0780246270356323
1.08207724879199	-0.0695627929007169
-0.394696842353661	-0.820987827777556
0.0445738232817256	-0.883333123173932
0.598782593028623	-0.0818958807127390
-0.0177167403550246	-0.507147238481782
0.306928063028510	-1.15124919387813
0.553500402011321	-0.676256020705304
0.787104637699863	0.519741719523169
-0.0590565363982657	-0.623082149199426
0.234206662790994	-1.09914832221732
0.117322031064881	-0.817240595837805
0.255757559862999	-0.635962861150287
0.443101658040103	-0.251791946833201
0.0604113328506100	-0.626845545194966
0.609883255003736	-0.367382930961734
0.465258670458343	-0.450069070274004
0.117067085121050	-0.838200190786857
0.406875665001628	-0.125814950835120
0.681189516387943	-0.478381968882506
0.684628856414859	-0.505565511381118
0.558796280333690	-0.357445932286942
0.274826218525327	-0.527717051155234
0.0598368317129023	-0.730607171826996
0.386795209438164	-0.434377722894758
0.119466227976361	0.0497979683567040
0.171383304276613	-0.386617838627624
0.658179234475492	-0.569713751315594
0.860430574241282	-0.564201130928057
0.530764782943909	-0.492042286719462
1.09522826696588	-0.689872262906202
-0.292276110547801	-0.170376388695680
0.308786860092174	-0.438104104695555
0.336903648270238	-0.823542220872455
0.925303360798278	-0.256748490769766
0.494142264685376	-0.851993772720506
0.174577225561349	-0.373698768256276
0.514647170109441	-0.480835511356883
0.548817280325730	-0.404933727190061
0.370730402696623	-0.371968426622462
-0.485238223572569	-0.515299891024783
0.696237545020822	-0.601681864663283
-1.05226833112069	-1.37425715960886
0.342405153358913	-0.515857209196198
-0.300828096863684	-0.937830666453159
0.162466134852788	-0.423163054375986
0.841658983152415	-0.854848266457113
0.101132004350537	-0.318440052566256
1.04252048295047	-0.164044944010005
0.601477114910812	-0.720387866891613
0.204548346282540	-0.623396725996927
-0.0499363048290173	-0.374775320571558
0.107937881280194	0.136439493878841
0.445041207000550	-0.553003722866298
-0.618103134177864	-0.407096358196036
0.538212491261003	-0.669045667636767
0.408236322046119	-0.404197090644052
0.617145084961494	-0.454184264759963
1.09299587386145	-0.137444296619044
0.174614351948799	-0.685587806554485
-0.0797623970788737	-1.03690876220195
0.756870349688630	-0.425875648664562
0.646470410489838	-0.257590055769177
0.244643207724467	-0.664563385621358
0.0701498523461636	-0.629833466714877
0.396405216370738	-0.351817809567783
-0.137562820396946	-0.490192488338337
0.325598334130009	-0.703237342856188
0.0529328669963148	-0.659828031145622
3.39789300832535	0.663041023619679
3.15116877507519	0.342027869225407
2.38396550303697	1.26266102099490
3.70742990283457	1.80447155087559
2.71817609366470	0.320124268929430
2.68072937777922	-0.146252065573500
2.34936876448487	1.65376036469164
2.94989429294168	0.963585229752457
2.95305708267624	1.58817635514014
2.85250756668446	1.48058527939579
2.61628008911191	0.345270454655250
2.24107187198177	0.701392346153013
4.37680853411571	0.726608446883731
3.68593499344232	1.16379039931177
2.83592865177426	1.56986661598424
2.94749625024033	1.02258653605053
3.16402999616660	-0.0401411631436552
2.99445281734078	1.62155440402058
2.73932624513595	0.973491039144186
3.42688556800544	0.814173217615867
2.47975061867099	-0.114839042981571
3.89452423578781	1.28390749445868
2.19414433106821	1.03737293310037
2.85222524518541	1.15473204805505
3.39880422652313	0.499655875936906
3.05389133270638	0.638018377817523
2.31305298173519	0.465095213843307
3.42130996002655	1.94530569013530
3.07460846185644	0.594782887707264
2.62766779661518	0.861142178292725
3.18450920255955	0.571402317733573
3.34558958076846	1.49561918460029
3.99836302132367	1.10050339900210
2.95713819685844	1.03209238703414
2.86553783916138	1.45876120953812
2.76928672259232	1.31542468674518
2.11929609611543	1.30173838618201
3.23828864783337	-0.0486747132525820
2.06106441698671	1.01043520560558
2.87667510532166	1.47348375439427
2.87430102162519	1.16283999382240
3.38625981563040	1.49546582871540
1.73347609669963	1.93298379941993
3.41959137033895	1.67367602863569
2.76268315406021	0.408958135835084
2.40904958675340	0.518788157999769
2.99601553596829	0.938241383729562
3.10665008944898	0.687760495077894
2.80612817857373	0.939521211088658
2.32841211787961	1.54676589506198
3.55137500093020	0.791299509027521
3.09019208819154	0.865543216651396
2.67693390906711	0.850846871821149
3.55592109150443	1.39912129706836
3.16780933513711	1.54012725070448
2.42070239924064	0.862823238785058
3.28384094556938	0.870634604001553
2.17941635554632	1.38251326123437
2.51653148164552	1.31261471922505
3.06926096774273	1.25327116240465
3.18796162743312	2.66507870164807
3.03221987927199	1.01940869908284
2.11654128235928	1.07747777428119
3.37418372775710	0.997913939842428
3.57666579207864	1.37207535439285
3.53351528023760	0.792597603824589
2.73933984926218	1.47967015737655
2.81997545052007	1.90197556448389
2.53499814681088	0.993266572556812
3.11435256922226	0.977808031719969
3.11522958865870	0.728528241064753
2.64740797512797	0.723811910236112
3.42026346139806	0.186936452129529
3.38946490106802	1.01456085230167
3.30032895552063	0.588210192133986